15(23, 8)(24, 7) => 40
15(24, 7)(23, 5.75) => 39
18(20, 2)(18.7778, 2.61111) => 36
18(23, 8)(20.3333, 5.33333) => 35
67(23, 10)(18, 3) => 33
92(35, 15)(47, 3) => 31
92(47, 3)(34, 3) => 30
92(31, 15)(31, 3) => 29
91(31, 3)(27.3636, 8.09091) => 28
-1(34, 35)(29, 46) => 25
15(26, 3)(23, 2) => 41
67(23, 10)(17.4615, 13.4615) => 21
67(25.8, 3.4)(25.1429, 4.71429) => 23
97(25.1429, 4.71429)(24, 7) => 22
-1(29, 46)(31, 47) => 24
67(31, 19)(19, 31) => 13
67(26, 10)(19, 15) => 18
21(17.4615, 13.4615)(15, 15) => 20
18(23, 5.75)(20, 2) => 38
67(29.7692, 15.3077)(19, 18) => 16
15(24, 7)(26, 3) => 42
67(31, 19)(18, 19) => 15
(24, 7) => 2
-1(47, 35)(34, 35) => 4
-1(47, 19)(34, 19) => 9
-1(19, 34)(26, 46) => 26
67(33.4, 21.4)(31, 31) => 10
-1(31, 35)(19, 34) => 27
-1(34, 35)(35, 47) => 3
-1(47, 31)(47, 19) => 7
67(18, 3)(15.8, 11.8) => 32
-1(35, 47)(47, 35) => 5
18(23, 8)(20, 2) => 37
91(31, 15)(29.7692, 15.3077) => 17
-1(47, 19)(35, 31) => 6
-1(34, 19)(33.4, 21.4) => 11
67(29, 13)(26, 10) => 19
67(20.3333, 5.33333)(18, 3) => 34
62(19, 31)(31, 31) => 12
15(24, 7)(24, 7) => 43
-1(34, 19)(35, 31) => 8
67(18, 19)(19, 31) => 14
(36, 37) => 1
