mesh
2
230 98
1 1 2 -1 0
1 6 2 -1 0
5 6 3 95 -1 0
9 1 3 95 0 -1
10 1 2 -1 4
10 6 2 -1 4
9 7 4 3 95 -1 11
5 7 4 3 5 -1 95
1 7 2 5 -1
1 13 3 5 3 -1
1 14 3 7 1 -1
1 18 2 -1 1
1 19 3 2 6 -1
17 16 3 1 7 -1
17 21 3 6 2 -1
17 18 2 -1 1
18 19 3 2 -1 82
18 21 3 2 82 -1
18 16 3 7 82 -1
18 14 3 7 -1 82
18 13 4 9 82 -1 3
22 7 3 10 -1 82
18 11 4 10 82 9 -1
17 11 4 9 3 11 -1
17 7 2 11 -1
18 6 3 4 10 -1
22 1 3 -1 10 4
23 1 3 12 8 -1
26 6 3 8 12 -1
23 7 3 -1 8 82
26 7 4 96 82 8 -1
32 6 2 -1 14
31 6 2 -1 12
31 1 2 12 -1
32 1 2 -1 14
37 6 3 13 -1 14
40 1 3 -1 13 14
41 1 3 79 78 -1
41 7 3 -1 78 71
40 7 4 96 13 -1 71
37 7 3 13 96 -1
18 39 3 82 17 -1
18 41 4 19 17 82 -1
17 42 3 22 -1 35
12 39 4 17 19 -1 18
12 38 3 34 18 -1
17 39 3 17 18 -1
17 33 3 18 34 -1
18 28 3 20 82 -1
18 26 3 82 20 -1
17 25 2 -1 6
17 28 3 20 -1 33
17 32 2 -1 33
1 25 2 -1 6
1 26 3 -1 20 33
1 32 2 -1 33
1 33 3 -1 34 23
9 38 3 34 -1 23
10 39 2 -1 19
10 41 2 19 -1
9 41 2 -1 23
1 41 2 -1 23
1 42 3 -1 22 32
1 85 2 25 -1
31 85 3 25 16 -1
32 85 2 26 -1
42 78 4 71 51 -1 57
42 79 3 51 26 -1
26 78 4 -1 21 57 16
26 79 3 -1 16 25
31 78 3 16 57 -1
32 79 2 -1 26
18 77 4 82 57 21 -1
17 77 3 21 27 -1
1 79 2 -1 25
1 78 3 21 -1 27
1 72 2 27 -1
1 71 2 -1 29
17 72 2 -1 27
17 71 2 -1 29
18 62 3 82 -1 28
18 60 3 28 -1 82
17 59 2 24 -1
17 62 3 29 28 -1
1 60 3 -1 28 29
1 59 2 -1 24
11 49 2 37 -1
10 49 2 -1 32
1 50 3 38 24 -1
1 49 2 -1 32
10 46 3 32 22 -1
11 47 2 -1 37
17 47 3 -1 36 35
13 46 3 35 -1 22
13 47 4 36 37 -1 35
17 52 3 24 38 -1
18 49 4 36 82 -1 37
18 50 3 38 -1 82
18 52 3 82 -1 38
18 47 3 82 36 -1
48 46 2 64 -1
47 48 3 -1 40 71
48 48 4 63 40 -1 64
48 45 2 31 -1
47 50 3 -1 71 40
48 50 4 40 63 65 -1
48 54 2 -1 65
47 55 3 -1 43 71
47 59 3 -1 71 43
48 59 3 43 92 -1
69 55 2 -1 45
68 55 3 92 43 -1
68 65 2 92 -1
69 65 2 -1 45
72 70 3 42 -1 53
72 71 5 49 97 -1 42 47
75 66 4 46 42 53 -1
75 65 4 46 -1 45 48
82 65 4 48 61 -1 46
82 66 4 42 46 -1 60
81 71 4 49 47 -1 59
81 70 4 47 42 60 -1
71 78 3 97 49 -1
71 79 3 49 50 -1
66 79 2 50 -1
58 78 3 -1 97 41
58 79 3 41 58 -1
65 78 3 -1 41 97
61 70 2 53 -1
61 66 2 -1 53
60 66 4 -1 55 52 56
56 70 4 52 55 -1 54
56 71 3 54 -1 97
60 70 2 -1 55
52 71 3 97 -1 54
52 70 4 52 54 -1 56
48 65 2 -1 92
48 66 2 -1 56
48 70 2 -1 56
47 71 3 97 71 -1
47 78 4 -1 51 71 97
48 79 2 -1 58
47 85 3 51 -1 26
48 85 2 58 -1
65 85 3 -1 58 41
66 85 2 50 -1
87 85 4 59 -1 50 49
87 71 2 -1 59
87 70 2 -1 60
87 66 2 -1 60
87 65 2 61 -1
87 55 4 -1 61 48 45
87 54 2 65 -1
87 46 4 65 63 64 -1
87 45 2 31 -1
87 1 2 85 -1
87 3 2 -1 85
87 4 2 -1 76
87 12 4 73 86 76 -1
87 13 3 -1 66 75
87 20 2 66 -1
87 21 3 -1 15 74
87 28 2 15 -1
87 29 3 -1 67 70
87 36 2 67 -1
87 37 3 -1 31 62
47 40 3 71 62 -1
48 40 3 62 31 -1
48 36 2 -1 67
47 37 3 -1 62 71
48 31 3 70 67 -1
47 31 3 71 70 -1
48 28 2 -1 15
47 29 3 -1 70 71
48 23 3 74 15 -1
47 23 3 71 74 -1
48 20 2 -1 66
47 21 3 -1 74 71
47 16 3 71 75 -1
48 16 3 75 66 -1
48 12 2 72 -1
47 13 3 -1 75 71
45 7 4 -1 84 71 78
47 8 3 84 -1 71
48 8 3 84 72 -1
45 6 5 78 79 83 80 -1
58 1 2 -1 79
59 1 2 77 -1
59 5 4 77 80 83 -1
58 5 3 83 79 -1
73 1 2 77 -1
74 1 3 81 -1 85
74 4 3 -1 81 80
76 6 4 80 81 86 -1
73 4 3 -1 80 77
76 7 3 86 73 -1
67 7 2 -1 73
66 7 3 -1 72 84
66 12 2 72 -1
67 12 2 73 -1
82 3 3 81 85 -1
82 4 4 76 86 81 -1
38 21 3 89 -1 71
37 21 4 89 88 87 -1
38 18 3 96 71 -1
37 19 2 -1 87
26 18 3 96 -1 82
27 19 4 -1 87 88 69
27 29 2 -1 68
27 28 2 -1 69
38 24 3 89 71 -1
37 24 4 88 89 -1 69
37 28 2 -1 69
37 29 2 -1 68
26 39 4 90 82 -1 39
27 39 3 68 39 -1
38 65 3 57 -1 71
37 64 2 44 -1
27 64 4 -1 94 93 44
26 65 3 57 82 -1
26 44 3 -1 82 90
27 44 4 39 91 -1 90
27 53 2 94 -1
27 52 2 -1 91
37 57 3 93 94 -1
38 57 4 71 30 93 -1
38 61 3 71 -1 30
37 61 4 44 93 30 -1
37 52 4 -1 91 39 68
37 53 2 -1 94
4 0 3 2 1 -1 -1 95 -1
4 11 10 13 15 -1 -1 7 -1
4 14 12 16 17 -1 6 -1 82
5 9 7 6 23 20 -1 5 95 11 9
4 4 26 25 5 -1 -1 10 -1
3 9 8 7 3 -1 -1
4 53 12 14 50 -1 -1 2 -1
4 13 10 19 18 -1 1 -1 82
4 29 27 28 30 82 -1 12 -1
3 23 22 20 3 -1 82
4 25 26 21 22 -1 4 -1 82
3 24 23 6 -1 -1 3
4 28 27 33 32 -1 8 -1 -1
4 39 40 35 36 -1 96 -1 14
4 34 36 35 31 -1 -1 13 -1
4 174 161 162 172 -1 74 -1 -1
4 69 68 70 64 25 -1 57 -1
4 42 44 46 41 82 19 18 -1
4 45 47 46 44 -1 34 -1 17
4 44 42 59 58 -1 17 -1 -1
4 49 48 51 54 -1 82 -1 33
4 68 75 73 72 57 -1 27 -1
4 90 62 43 93 -1 32 -1 35
4 61 56 57 60 -1 -1 34 -1
4 85 88 95 82 -1 -1 38 -1
4 69 64 63 74 -1 16 -1 -1
4 67 142 65 71 -1 51 -1 -1
4 73 75 76 78 -1 21 -1 -1
4 83 84 81 80 -1 29 -1 82
4 77 84 83 79 -1 -1 28 -1
3 227 225 226 -1 93 71
4 167 165 154 103 -1 62 -1 -1
4 89 62 90 87 -1 -1 22 -1
4 55 54 51 52 -1 -1 20 -1
4 47 45 57 56 -1 18 -1 23
4 92 94 93 43 -1 36 -1 22
4 92 99 96 94 35 -1 82 37
4 94 96 86 91 -1 36 -1 -1
4 95 88 97 98 -1 24 -1 82
4 215 228 221 214 -1 68 91 90
4 101 102 105 104 71 -1 63 -1
4 127 144 126 125 97 -1 58 -1
5 121 115 114 116 119 60 47 -1 53 46
4 107 111 109 108 71 -1 92 -1
3 227 217 218 93 -1 -1
4 110 151 117 113 -1 -1 48 -1
4 119 116 117 118 -1 42 -1 48
3 121 120 115 42 -1 49
3 151 118 117 45 61 46
5 122 115 120 146 123 -1 97 47 59 50
4 123 146 145 124 -1 49 -1 -1
4 140 142 67 66 71 -1 26 -1
3 130 131 135 56 55 54
4 129 116 114 128 -1 -1 42 -1
4 135 131 132 134 -1 52 -1 97
3 133 131 130 -1 -1 52
4 137 130 135 138 -1 -1 52 -1
6 68 72 219 216 66 70 16 21 82 -1 71 -1
4 126 144 143 141 -1 41 -1 -1
3 147 146 120 -1 -1 49
4 148 121 119 149 -1 -1 42 -1
3 151 150 118 48 -1 -1
4 169 165 167 166 71 -1 31 -1
3 105 102 153 65 40 64
3 102 100 153 63 -1 -1
4 105 153 152 106 -1 63 -1 -1
4 179 159 160 176 -1 75 -1 -1
4 170 163 164 168 -1 70 -1 -1
4 213 228 215 208 -1 -1 39 -1
4 209 207 211 212 -1 -1 88 -1
4 173 163 170 171 71 -1 67 -1
25 182 183 181 178 177 175 173 171 169 166 101 104 107 108 139 140 66 216 226 225 210 202 204 39 38 78 84 -1 75 -1 74 -1 70 -1 62 -1 40 -1 43 -1 97 51 57 -1 30 -1 89 -1 96 -1
4 184 197 198 180 -1 84 -1 -1
4 195 158 199 196 -1 86 -1 -1
4 177 161 174 175 71 -1 15 -1
4 181 159 179 178 71 -1 66 -1
3 201 157 158 86 -1 -1
4 194 188 187 190 -1 80 -1 -1
4 38 37 185 182 71 -1 79 -1
4 186 189 185 37 -1 -1 83 78
5 194 192 193 185 188 77 -1 81 -1 83
5 193 192 191 200 201 86 80 -1 85 -1
24 22 21 29 30 206 214 220 219 72 80 81 98 97 96 99 42 41 48 49 17 16 18 19 20 9 10 -1 8 96 -1 90 -1 57 -1 28 -1 38 -1 36 -1 17 -1 20 -1 2 -1 7 -1
3 185 189 188 80 79 -1
4 182 197 184 183 71 -1 72 -1
4 200 191 155 156 -1 81 -1 -1
4 201 158 195 193 81 76 73 -1
3 207 205 203 88 -1 -1
3 211 207 203 89 69 87
4 211 203 202 210 -1 88 -1 71
3 221 220 214 39 -1 82
3 228 223 221 39 -1 -1
4 109 111 112 136 -1 43 -1 -1
4 227 218 224 225 30 44 94 -1
4 224 218 222 229 -1 93 -1 -1
4 6 7 2 3 -1 3 -1 0
5 40 39 204 206 30 -1 13 71 -1 82
8 140 139 134 132 115 122 127 125 -1 71 -1 54 -1 49 -1 41
