mesh
2
230 230
1 1 3 1 0 -1
1 6 2 -1 0
5 6 5 223 9 -1 0 1
9 1 3 223 1 -1
10 1 3 7 -1 20
10 6 2 -1 7
9 7 6 5 8 9 223 -1 24
5 7 4 8 10 -1 9
1 7 2 10 -1
1 13 5 -1 10 8 5 23
1 14 3 11 6 -1
1 18 3 2 -1 6
1 19 3 224 50 -1
17 16 5 11 13 -1 2 6
17 21 5 224 3 -1 12 50
17 18 2 -1 2
18 19 5 224 -1 198 194 3
18 21 4 182 -1 3 194
18 16 4 199 198 -1 13
18 14 5 11 -1 14 199 13
18 13 6 -1 23 21 18 17 14
22 7 4 -1 19 22 25
18 11 5 19 18 21 -1 22
17 11 5 23 5 24 -1 21
17 7 2 24 -1
18 6 5 -1 7 20 25 22
22 1 3 -1 25 20
23 1 3 31 27 -1
26 6 5 31 32 -1 16 27
23 7 7 28 17 18 19 -1 27 16
26 7 4 225 28 16 -1
32 6 2 -1 35
31 6 2 -1 32
31 1 3 -1 32 31
32 1 3 33 35 -1
37 6 5 30 -1 35 33 34
40 1 3 -1 34 33
41 1 3 174 168 -1
41 7 6 37 196 -1 168 173 171
40 7 5 196 195 30 34 -1
37 7 5 149 225 -1 30 195
18 39 4 180 209 43 -1
18 41 7 202 203 43 209 89 86 -1
17 42 4 -1 82 52 41
12 39 5 202 46 -1 44 203
12 38 4 67 40 44 -1
17 39 5 203 44 40 -1 43
17 33 4 -1 40 67 80
18 28 5 56 180 -1 45 184
18 26 5 184 45 47 -1 182
17 25 2 -1 12
17 28 5 47 45 -1 78 51
17 32 2 -1 78
1 25 3 -1 50 12
1 26 3 -1 47 51
1 32 3 -1 51 78
1 33 3 -1 80 54
9 38 5 80 67 -1 53 54
10 39 2 -1 46
10 41 3 -1 46 202
9 41 2 -1 53
1 41 3 -1 54 53
1 42 3 -1 41 79
1 85 3 63 57 -1
31 85 3 57 42 -1
32 85 3 136 -1 64
42 78 5 134 127 133 116 -1
42 79 5 118 136 64 -1 116
26 78 6 61 190 48 -1 39 49
26 79 5 -1 48 42 57 63
31 78 6 -1 42 48 190 211 134
32 79 2 -1 64
18 77 4 65 61 49 -1
17 77 5 39 66 69 -1 49
1 79 2 -1 63
1 78 3 39 -1 66
1 72 3 -1 69 66
1 71 3 75 71 -1
17 72 2 -1 69
17 71 2 -1 71
18 62 4 65 -1 70 60
18 60 5 208 60 70 212 -1
17 59 2 59 -1
17 62 5 212 70 -1 71 75
1 60 3 -1 212 75
1 59 3 62 59 -1
11 49 3 -1 84 68
10 49 2 -1 77
1 50 3 55 62 -1
1 49 3 79 77 -1
10 46 5 41 52 -1 77 79
11 47 2 -1 84
17 47 5 -1 73 83 81 82
13 46 4 52 82 81 -1
13 47 5 68 84 -1 81 83
17 52 5 55 87 -1 59 62
18 49 6 214 -1 68 83 73 88
18 50 5 215 87 55 -1 214
18 52 5 221 208 -1 87 215
18 47 4 86 88 73 -1
48 46 2 145 -1
47 48 5 160 -1 97 91 4
48 48 4 144 97 -1 145
48 45 2 76 -1
47 50 4 4 91 -1 197
48 50 6 152 -1 91 97 144 95
48 54 2 -1 152
47 55 5 197 -1 227 96 216
47 59 6 58 99 217 216 96 -1
48 59 5 218 -1 96 227 100
69 55 3 -1 105 102
68 55 3 100 227 -1
68 65 3 -1 218 100
69 65 2 -1 102
72 70 5 126 93 109 -1 121
72 71 6 226 -1 109 107 110 113
75 66 5 -1 106 111 93 126
75 65 6 105 108 103 106 -1 102
82 65 4 108 142 -1 103
82 66 6 -1 141 112 111 106 103
81 71 6 -1 140 137 114 110 107
81 70 6 -1 107 109 93 111 112
71 78 4 -1 113 110 114
71 79 5 137 139 115 -1 114
66 79 2 115 -1
58 78 5 120 124 128 92 -1
58 79 5 119 138 135 -1 92
65 78 6 226 113 -1 119 92 128
61 70 2 121 -1
61 66 3 -1 126 121
60 66 4 -1 125 117 123
56 70 4 117 125 -1 130
56 71 6 226 128 124 122 130 -1
60 70 2 -1 125
52 71 5 120 132 -1 122 124
52 70 6 123 117 130 122 -1 131
48 65 2 -1 218
48 66 3 -1 123 131
48 70 2 -1 131
47 71 5 58 -1 132 133 127
47 78 6 118 116 133 132 120 -1
48 79 2 -1 135
47 85 3 118 -1 136
48 85 3 138 -1 135
65 85 3 -1 138 119
66 85 3 139 -1 115
87 85 4 140 -1 139 137
87 71 2 -1 140
87 70 3 141 -1 112
87 66 2 -1 141
87 65 2 142 -1
87 55 4 -1 142 108 105
87 54 3 152 95 -1
87 46 4 95 144 145 -1
87 45 3 85 -1 76
87 1 3 187 186 -1
87 3 2 -1 187
87 4 2 -1 167
87 12 4 129 188 167 -1
87 13 3 -1 98 228
87 20 3 -1 154 98
87 21 3 -1 104 146
87 28 3 -1 36 104
87 29 3 -1 94 162
87 36 3 -1 155 94
87 37 3 -1 85 153
47 40 5 193 201 143 -1 160
48 40 5 153 85 76 -1 143
48 36 2 -1 155
47 37 5 201 200 -1 153 143
48 31 5 162 94 155 -1 158
47 31 4 200 29 158 -1
48 28 2 -1 36
47 29 5 29 15 -1 162 158
48 23 5 146 104 36 -1 164
47 23 5 15 38 192 164 -1
48 20 2 -1 154
47 21 6 -1 146 164 192 165 170
47 16 4 170 26 166 -1
48 16 5 98 154 -1 166 228
48 12 2 161 -1
47 13 7 -1 228 166 26 37 171 169
45 7 6 -1 150 185 169 171 173
47 8 3 185 -1 169
48 8 5 159 161 -1 185 150
45 6 7 -1 173 168 174 151 183 177
58 1 3 151 174 -1
59 1 3 229 -1 172
59 5 5 229 175 177 183 -1
58 5 3 183 151 -1
73 1 2 172 -1
74 1 4 186 147 148 -1
74 4 3 -1 148 176
76 6 8 -1 177 175 176 148 147 178 189
73 4 5 229 172 -1 176 175
76 7 5 -1 189 188 129 163
67 7 2 -1 163
66 7 3 -1 159 150
66 12 3 159 -1 161
67 12 3 -1 163 129
82 3 5 -1 178 147 186 187
82 4 5 -1 167 188 189 178
38 21 6 205 207 -1 165 192 38
37 21 4 207 204 191 -1
38 18 8 149 195 196 37 26 170 165 -1
37 19 2 -1 191
26 18 12 56 184 182 194 198 199 14 17 28 225 149 -1
27 19 4 -1 191 204 206
27 29 2 -1 156
27 28 3 -1 206 157
38 24 8 -1 205 38 15 29 200 201 193
37 24 6 -1 157 206 204 207 205
37 28 2 -1 157
37 29 3 -1 179 156
26 39 7 56 -1 90 210 89 209 180
27 39 5 179 181 90 -1 156
38 65 6 58 127 134 211 -1 99
37 64 2 101 -1
27 64 4 -1 74 219 101
26 65 8 221 -1 211 190 61 65 60 208
26 44 8 221 215 214 88 86 89 210 -1
27 44 5 181 213 -1 210 90
27 53 3 -1 222 74
27 52 2 -1 213
37 57 5 -1 220 219 74 222
38 57 9 -1 193 160 4 197 216 217 72 220
38 61 4 99 -1 72 217
37 61 5 72 -1 101 219 220
37 52 4 -1 213 181 179
37 53 2 -1 222
3 0 2 1 -1 1 -1
3 3 2 0 -1 223 0
3 15 11 13 -1 -1 6
3 17 14 16 194 -1 224
3 101 104 225 160 91 197
3 9 6 23 23 8 24
3 13 11 10 11 2 -1
3 5 4 25 -1 -1 20
3 9 7 6 5 10 9
3 7 2 6 8 -1 223
3 9 8 7 8 -1 -1
3 19 13 10 -1 13 6
3 53 14 50 -1 50 -1
3 19 18 13 11 199 -1
3 206 19 20 17 199 -1
3 210 175 173 29 38 -1
3 30 29 28 -1 28 27
3 206 20 29 28 14 18
3 29 20 22 19 17 21
3 29 22 21 -1 18 22
3 26 25 4 -1 25 7
3 23 22 20 23 -1 18
3 22 25 21 19 -1 25
3 9 23 20 -1 5 21
3 24 23 6 -1 -1 5
3 26 21 25 20 -1 22
3 204 181 178 170 37 166
3 29 27 28 16 -1 31
3 206 29 30 225 17 16
3 210 173 171 200 15 158
3 40 35 39 195 -1 34
3 33 28 27 -1 32 27
3 33 32 28 31 -1 -1
3 36 35 34 -1 34 35
3 39 35 36 -1 30 33
3 35 31 34 33 -1 -1
3 174 162 172 -1 104 -1
3 204 38 181 26 196 171
3 210 202 175 15 205 192
3 73 68 75 66 49 -1
3 47 46 45 67 -1 44
3 43 90 62 -1 52 79
3 64 69 70 -1 57 48
3 46 41 42 203 -1 209
3 46 44 45 40 203 -1
3 51 49 48 -1 47 184
3 59 58 44 202 -1 -1
3 49 51 54 -1 45 51
3 70 69 68 190 42 -1
3 73 72 68 39 -1 61
3 53 12 14 12 -1 224
3 55 54 51 78 -1 47
3 43 93 90 41 82 -1
3 61 57 60 -1 54 -1
3 61 56 57 53 -1 80
3 95 88 97 87 62 -1
3 48 206 214 180 184 -1
3 69 64 63 63 42 -1
3 216 108 139 127 99 -1
3 95 82 85 62 -1 -1
3 219 80 81 208 65 70
3 219 68 72 65 190 49
3 95 85 88 55 59 -1
3 69 63 74 -1 57 -1
3 71 67 65 -1 -1 136
3 219 72 80 60 61 -1
3 75 76 73 39 -1 69
3 47 45 57 80 40 -1
3 86 94 96 -1 84 83
3 78 73 76 -1 -1 66
3 83 81 80 -1 212 60
3 83 79 77 75 -1 -1
3 227 225 226 -1 220 217
3 99 96 92 -1 88 83
3 224 218 222 222 219 -1
3 84 83 77 -1 212 71
3 154 103 167 85 -1 -1
3 90 87 89 79 -1 -1
3 55 51 52 -1 51 -1
3 90 89 62 41 77 -1
3 47 57 56 -1 67 54
3 94 93 92 83 -1 82
3 93 43 92 81 52 -1
3 96 94 92 73 68 81
3 94 86 91 -1 68 -1
3 154 167 165 -1 76 153
3 220 99 42 89 88 -1
3 98 95 97 215 -1 55
3 220 96 99 86 214 73
3 220 42 214 210 86 209
3 221 214 215 181 210 -1
3 105 104 101 97 -1 4
3 126 125 127 119 -1 128
3 121 114 116 111 109 126
3 170 163 164 155 162 -1
3 105 153 152 152 144 -1
3 109 108 107 227 -1 216
3 105 101 102 144 91 -1
3 160 179 159 -1 154 228
3 216 226 108 58 -1 217
3 109 111 112 218 227 -1
3 227 217 218 219 -1 -1
3 117 113 110 105 -1 -1
3 119 117 118 -1 106 108
3 174 161 162 36 146 -1
3 151 117 110 -1 108 102
3 119 116 117 103 111 -1
3 121 120 115 109 -1 110
3 151 118 117 105 142 103
3 121 115 114 93 107 -1
3 122 115 120 114 113 107
3 121 116 119 112 93 106
3 148 121 119 141 -1 111
3 122 127 115 110 -1 226
3 123 122 120 137 -1 110
3 145 124 123 139 -1 -1
3 140 67 66 133 118 -1
3 130 131 135 123 125 130
3 142 67 140 -1 136 116
3 144 126 127 -1 138 92
3 140 134 125 -1 132 124
3 114 128 129 126 -1 -1
3 135 132 134 -1 130 124
3 130 135 137 -1 117 131
3 134 132 125 120 122 128
3 133 131 130 -1 -1 117
3 114 129 116 93 121 -1
3 216 139 66 134 58 133
3 127 125 132 226 92 124
3 199 195 158 -1 163 188
3 135 131 132 122 117 -1
3 138 137 135 -1 -1 123
3 139 134 140 133 -1 120
3 139 140 66 127 132 116
3 216 66 70 211 127 -1
3 143 141 126 138 -1 -1
3 142 65 67 118 -1 64
3 146 123 120 140 139 114
3 144 143 126 119 -1 135
3 146 145 123 137 -1 115
3 147 146 120 -1 -1 137
3 149 148 119 -1 -1 112
3 151 150 118 108 -1 -1
3 169 167 166 201 153 -1
3 105 102 153 95 97 145
3 102 100 153 144 -1 -1
3 161 174 177 -1 104 164
3 200 193 191 186 178 148
3 193 192 191 147 176 -1
3 206 40 204 -1 225 195
3 197 184 182 -1 159 185
3 185 186 189 183 174 -1
3 105 152 106 -1 95 -1
3 165 167 169 -1 85 143
3 160 176 179 98 -1 -1
3 170 164 168 -1 94 -1
3 215 208 213 179 -1 -1
3 212 209 211 -1 -1 206
3 173 170 171 29 162 -1
3 198 184 197 -1 161 150
3 166 101 225 193 -1 4
3 198 180 184 159 -1 -1
3 163 170 173 -1 94 158
3 199 196 195 129 -1 -1
3 175 177 174 -1 192 146
3 204 177 202 -1 170 192
3 181 179 178 26 228 -1
3 201 157 158 188 -1 -1
3 185 38 37 174 173 -1
3 183 181 182 185 -1 171
3 204 178 177 165 26 -1
3 182 181 38 173 169 37
3 187 190 194 229 -1 -1
3 185 182 38 168 -1 171
3 186 185 37 -1 151 168
3 188 194 193 177 229 176
3 194 192 193 175 -1 148
3 185 188 193 -1 183 175
3 201 193 200 -1 189 147
3 228 215 213 -1 181 156
3 214 41 48 56 209 -1
3 228 221 215 179 213 90
3 49 17 206 184 -1 194
3 185 189 188 177 151 -1
3 48 49 206 56 45 182
3 184 183 182 150 -1 169
3 200 191 155 187 147 -1
3 200 155 156 -1 186 -1
3 201 158 195 189 167 129
3 201 195 193 178 188 -1
3 219 70 68 61 211 48
3 207 205 203 204 -1 -1
3 202 177 175 38 165 164
3 210 166 225 -1 201 160
3 206 17 16 198 182 3
3 204 40 39 196 149 30
3 204 39 38 37 195 -1
3 104 107 225 4 -1 216
3 206 16 18 199 194 -1
3 206 18 19 14 198 13
3 210 171 169 201 29 -1
3 210 169 166 193 200 143
3 44 42 59 46 203 -1
3 44 46 42 202 44 43
3 211 207 203 207 206 191
3 211 202 210 -1 207 38
3 211 209 207 204 157 -1
3 211 203 202 205 204 -1
3 219 81 98 221 60 -1
3 214 42 41 180 89 43
3 221 220 214 90 -1 89
3 219 216 70 190 -1 134
3 81 83 84 -1 70 75
3 228 223 221 181 -1 -1
3 97 96 220 215 -1 88
3 98 97 220 221 87 214
3 225 107 108 217 197 96
3 226 225 108 99 72 216
3 109 112 136 -1 100 -1
3 227 218 224 220 101 74
3 227 224 225 72 219 -1
3 98 220 219 208 215 -1
3 229 224 222 -1 -1 74
3 6 2 3 -1 9 1
3 16 14 12 -1 3 50
3 40 206 30 -1 149 28
3 127 132 115 113 128 -1
3 111 109 107 -1 100 96
3 159 179 181 -1 98 166
3 187 194 188 -1 172 175
